ISS (ZARYA)             
1 25544U 98067A   23191.21790859  .00009011  00000+0  16773-3 0  9994
2 25544  51.6410 214.3839 0000251 111.6282   8.7252 15.49644629405360
AEROCUBE 12B            
1 43557U 18046D   23190.68477680  .00194506  00000+0  92086-3 0  9996
2 43557  51.6219  69.6715 0000670 223.9497 136.1452 15.81889971279268
ISS DEB                 
1 47853U 98067RZ  23190.35947213  .00024834  00000+0  21391-3 0  9995
2 47853  51.6348 185.7481 0002578  21.5869 338.5236 15.69132503132295
CSS (TIANHE)            
1 48274U 21035A   23190.96337128  .00020084  00000+0  24726-3 0  9997
2 48274  41.4750  17.5459 0009311 251.0814 108.9015 15.59701322125393
ISS (NAUKA)             
1 49044U 21066A   23172.50173489  .00015733  00000+0  28063-3 0  9998
2 49044  51.6410 307.1433 0004553  65.1884 294.9578 15.50243745402455
FREGAT DEB              
1 49271U 11037PF  23189.34610055  .00009155  00000+0  27870-1 0  9996
2 49271  51.6642 244.7351 0946611 122.9137 246.6378 12.04809927 93456
CSS (WENTIAN)           
1 53239U 22085A   23172.32771504  .00000141  00000+0  58996-5 0  9990
2 53239  41.4746 130.7235 0004813  98.5802 261.5581 15.59339219 51921
CSS (MENGTIAN)          
1 54216U 22143A   23172.32771504  .00000141  00000+0  58996-5 0  9991
2 54216  41.4746 130.7235 0004813  98.5802 261.5581 15.59339219 36403
TIANZHOU-5              
1 54237U 22152A   23172.32771504  .00000141  00000+0  58996-5 0  9994
2 54237  41.4746 130.7235 0004813  98.5802 261.5581 15.59339219 34606
SPORT                   
1 55129U 98067UW  23190.59422877  .00063292  00000+0  47110-3 0  9998
2 55129  51.6307 202.9504 0001277  12.9585 347.1446 15.72185096 30067
OPTIMAL-1               
1 55183U 98067VA  23190.44686564  .00152126  00000+0  69269-3 0  9991
2 55183  51.6351 198.9684 0003412   4.8198 355.2837 15.82847026 28826
ISS DEB (SPX-26 IPA FSE)
1 55448U 98067VB  23190.42045291  .00034813  00000+0  37967-3 0  9991
2 55448  51.6345 210.0766 0003156 175.7069 184.3953 15.63034098 24732
PROGRESS-MS 22          
1 55560U 23018A   23172.50173489  .00015733  00000+0  28063-3 0  9997
2 55560  51.6410 307.1433 0004553  65.1884 294.9578 15.50243745402455
SOYUZ-MS 23             
1 55688U 23024A   23172.50173489  .00015733  00000+0  28063-3 0  9995
2 55688  51.6410 307.1433 0004553  65.1884 294.9578 15.50243745402456
CREW DRAGON 6           
1 55740U 23027A   23172.50173489  .00015733  00000+0  28063-3 0  9997
2 55740  51.6410 307.1433 0004553  65.1884 294.9578 15.50243745 17255
ARKSAT 1                
1 56311U 98067VC  23190.56082787  .00048925  00000+0  59994-3 0  9990
2 56311  51.6358 214.7575 0002355 115.1279 244.9959 15.59833450 11858
AURORASAT               
1 56312U 98067VD  23190.15187794  .00068449  00000+0  79084-3 0  9995
2 56312  51.6352 216.5238 0002732  79.8311 280.2990 15.61247085 11822
EX-ALTA-2               
1 56313U 98067VE  23190.36847621  .00055181  00000+0  67480-3 0  9997
2 56313  51.6344 215.7185 0002348 108.5773 251.5476 15.59854258 11846
LIGHTCUBE               
1 56314U 98067VF  23190.15932589  .00064446  00000+0  75510-3 0  9990
2 56314  51.6346 216.5714 0004344  85.9407 274.2083 15.60901648 11840
NEUDOSE                 
1 56315U 98067VG  23190.49226195  .00034577  00000+0  46717-3 0  9996
2 56315  51.6353 215.7952 0004475 126.4509 233.6896 15.57411539 11834
YUKONSAT                
1 56316U 98067VH  23190.52869547  .00042153  00000+0  54094-3 0  9991
2 56316  51.6353 215.2890 0004196 112.1510 247.9928 15.58693247 11861
ISS DEB                 
1 56434U 98067VJ  23190.55776053  .00034510  00000+0  49291-3 0  9995
2 56434  51.6368 216.2374 0002868 151.7458 208.3689 15.55917573 10402
TIANZHOU-6              
1 56446U 23063A   23172.32771504  .00000141  00000+0  58996-5 0  9990
2 56446  41.4746 130.7235 0004813  98.5802 261.5581 15.59339219  6520
PROGRESS-MS 23          
1 56740U 23071A   23172.50173489  .00015733  00000+0  28063-3 0  9997
2 56740  51.6410 307.1433 0004553  65.1884 294.9578 15.50243745  4331
AXIOM-2 DEB             
1 56751U 23070B   23189.77877006  .00192749  23357-4  82677-3 0  9990
2 56751  51.4274 213.4624 0048962 314.2234  45.4749 15.82794151  6113
SHENZHOU-16 (SZ-16)     
1 56761U 23077A   23172.32771504  .00000141  00000+0  58996-5 0  9995
2 56761  41.4746 130.7235 0004813  98.5802 261.5581 15.59339219  3471
1998-067VP              
1 57212U 98067VP  23189.39024250  .00019448  00000+0  33778-3 0  9991
2 57212  51.6411 223.4030 0004392 117.7825 255.0939 15.50833035  2019
